ENGINE_TYPE CALIBRATION_ENGINE
ENGINE_INDEX 3
METHOD MOMENT_CALCULATOR
PERSISTENCE 1
NUMBER_NEWS_WIRES 3
NEWS_WIRE_FILENAME NEWS_WIRE-0_0_0.txt
NEWS_WIRE_FILENAME NEWS_WIRE-1_0_0.txt
NEWS_WIRE_FILENAME NEWS_WIRE-2_0_0.txt
ORDER 2
NUMBER_SERIES 33
NUMBER_DATA 500
DATE_FIRST_MEASURE 0
MATRIX_SUM 33 2 0.00511271691990986 7.22345143242184E-06 0.0350501790705564 0.00037754495551111 0.0756172458618007 0.00156043308982824 0.153576437200124 0.00763507096547718 0.23522268560604 0.0159631318170083 0.315490948989836 0.0248588988809 0.39661951351283 0.0289586831132353 0.472931779101937 0.0308939445385476 0.548641522409032 0.0328629254905863 0.622712330038502 0.0342094789891319 0.771813538067616 0.0397865573694201 0.902226092404594 0.0478838601674688 1.03289877332441 0.0600565309553033 1.16958964955795 0.0754563525765953 1.31538992702447 0.0933411179258113 1.45761650236398 0.112800859697448 0.00266441377862871 9.203512185708E-05 0.0190533048210121 0.00310768067409794 0.041978248532486 0.00916712823035139 0.106177833354542 0.0243459394882306 0.181730692842252 0.0362192434010772 0.268449329768912 0.0465186892623576 0.312876180225884 0.052487578027997 0.376188092232706 0.0591201817124254 0.406804271835676 0.0622944760228062 0.422290933578772 0.0710962706098014 0.514703186764605 0.075109528818052 0.628971658707272 0.0850126084958022 0.744664174879604 0.0926277043575805 0.838853340737819 0.0979784102620352 0.925167067610884 0.107220483885837 1.01404031231604 0.118282176830907 10.0781694184333 19.6467693800781
MATRIX_CROSS 32 32 4.2642008349136E-05 7.03488772561038E-05 7.66736658883572E-05 0.000107597130132933 0.000134465133234978 0.000157537103395116 0.000176740079080685 0.000193270801168432 0.000206329249158774 0.000222855401662644 0.000229926793680468 0.000253353991274738 0.000273929128393176 0.0002913071467943 0.000322240511937544 -2.21908170071984E-06 -1.36185471013494E-05 -2.37111014923502E-05 -2.59176774111706E-05 -7.21432338660356E-06 3.17220850127958E-05 5.91771382953342E-05 8.69703733317686E-05 9.96336350384786E-05 0.000105985700101037 0.000103719465220814 8.8436521394432E-05 2.39123862543358E-05 1.20660126146347E-05 1.63459426638267E-05 3.0352880942048E-05 -0.00210390531703862 0 0.000700768780087372 0.000969820075472526 0.00129658417683741 0.00161247777655265 0.00180254592704031 0.00193033015072512 0.00203168510840852 0.00209438998945152 0.00216258360318103 0.00216396672757114 0.0022974728000628 0.00242187178601058 0.00253702511675666 0.00272875084663274 5.07747301945284E-06 4.1340259808826E-05 0.000105151838655073 0.000320278536871732 0.000637161697862733 0.00105541732209439 0.00121227250302533 0.00129242585617486 0.00129607539250379 0.00120102753001494 0.00135434755222117 0.00143361344185914 0.00105381609303327 0.000940745141101496 0.000885293606135588 0.000891108293248965 -0.0153147036875375 0 0 0.00290118890065196 0.00402078681191126 0.00498552347999567 0.00540817593724378 0.00558442150430342 0.0056819032503475 0.00563604933786334 0.00545310832315676 0.00511303938767572 0.00510032091533262 0.00513054014096672 0.00517815682869008 0.00534271482250472 5.46541714810904E-05 0.000380491115732622 0.000809372149041303 0.00171222426630381 0.00269022920348458 0.00375416639260676 0.0040496809961217 0.00406828294337476 0.00402690904437964 0.00368301496528826 0.0037893697721659 0.00358524925446348 0.0027314852219721 0.00224745649550296 0.0017636465458309 0.00158745146388132 -0.032100829901776 0 0 0 0.0109250079167517 0.0135615392405252 0.0144467190755367 0.0145052121597109 0.0143781056109714 0.0137707622855811 0.0124792605046072 0.0109198484310073 0.0101131617291216 0.00954053736490656 0.00912068557432421 0.00878985965654294 0.000209873854520674 0.00144146799073037 0.00300986286323838 0.00589027503379607 0.00861225550718582 0.0112200949284079 0.0116852291417691 0.0113323794585675 0.0112227261743767 0.0102959692685485 0.00975823690530473 0.00815199720838144 0.00634742477970936 0.00480405247583729 0.00297639733264956 0.00215260609876638 -0.0497871381670675 0 0 0 0 0.0198727474181994 0.0212558256063844 0.0214528887121118 0.021344153528014 0.0205618457542512 0.018869528210758 0.0167805061487663 0.0157138195309878 0.0149735603307114 0.0144446600101283 0.0140410178431743 0.00030596351883917 0.00210771107166077 0.00441928498152044 0.00862671085889963 0.0125871055515102 0.0163634881383236 0.0171512621522114 0.0167955972070755 0.0168278495272644 0.0157103874990392 0.0148494485126048 0.0123468079446012 0.00990223499631427 0.00779611258502753 0.005269353655406 0.00418518736656505 -0.0784883899964752 0 0 0 0 0 0.0267075101996554 0.0270929476548696 0.0270981168893134 0.0262535226687542 0.0244169200616364 0.0220670297429654 0.0209385319172984 0.0202067613559142 0.0197274153704443 0.0193993678218187 0.000373399661366779 0.00258545766984676 0.00545929512189822 0.0106888004712018 0.0156508701987359 0.0204248360583966 0.0214430620532772 0.0210550036647478 0.0211551916730274 0.0198360030708675 0.0188579397002784 0.0158402006946605 0.0129425685733899 0.0104692469383403 0.00748423234085088 0.0062079899155567 -0.0924732779391925 0 0 0 0 0 0 0.029703267990502 0.0300381200937088 0.0294825080809642 0.0281777425465725 0.0262351765147402 0.0255865308843072 0.0253382297097086 0.0253196758612998 0.0254499096790825 0.000379293044262782 0.00264469948202339 0.0056376365248613 0.0110942950440719 0.0163349857609756 0.0214524976103506 0.0227220888976784 0.0225768189595824 0.0228746307231116 0.021713571031555 0.0209223695691808 0.0179583320159331 0.0151143767505893 0.0129076583788743 0.0102655769803144 0.00905846577636688 -0.0986693946580234 0 0 0 0 0 0 0 0.0316569110699928 0.03156038231684 0.0311199483948914 0.0299199816074951 0.0299941086257176 0.0304358290769117 0.0310545216848406 0.0318085278813254 0.000357691429118481 0.0025193110768661 0.0054427268019609 0.0107669393298685 0.015944055028175 0.0210791001182576 0.0225911030557718 0.0227915247533368 0.0233474088294256 0.0225180552407844 0.0221014382824138 0.019530872021163 0.0170087076847776 0.0153570963524082 0.0134063718182675 0.0124418245602004 -0.102089836173164 0 0 0 0 0 0 0 0 0.0332460914227561 0.0337431501284784 0.0333759265849033 0.0342072192128068 0.0353705578497431 0.0366586608789034 0.0380761387912492 0.00033698484477238 0.00238832683469768 0.00520193727804085 0.0103390519216649 0.0153785151793806 0.020439872866871 0.022158540859654 0.0226923436319928 0.0235023062872022 0.023022723292133 0.0230159646706736 0.0209370555975312 0.0188529528060547 0.0178279639845814 0.0166375642586549 0.0158840855377783 -0.100318610167147 0 0 0 0 0 0 0 0 0 0.0358432064782599 0.036512185637076 0.0382315447408184 0.0402307333473196 0.0422876329457368 0.0444623604286424 0.000312128758255474 0.00220706973884508 0.00479277352911592 0.00956277911482663 0.0142705254127195 0.0190535700451646 0.0209619287126376 0.0218705434438002 0.022990855676696 0.022992961902742 0.0235354224083362 0.0221633072521373 0.0207111386436362 0.020482311651632 0.0202414468786547 0.0196477608247749 -0.098592130585429 0 0 0 0 0 0 0 0 0 0 0.0426152571784258 0.0460501490222907 0.049663113936585 0.0532149002425736 0.0568743771012546 0.00027596212053668 0.00192188661633024 0.00409019067091761 0.00818501412907301 0.0122309504072284 0.0164021178900614 0.0186288955662744 0.020237114637333 0.0219783780225834 0.022948436372987 0.0246330021548418 0.0247706591743722 0.0248129883870632 0.026213940188718 0.0278379348099378 0.0274861927071812 -0.0890266738499397 0 0 0 0 0 0 0 0 0 0 0 0.0530898525658271 0.0582599750759066 0.0631611535450174 0.0681368387028396 0.000241785312279768 0.00163860633934367 0.00335732545112298 0.00673013296557036 0.0100542218137006 0.0135426830318122 0.0159791363534072 0.0181275632306165 0.0204506296317308 0.0223735616076924 0.0252265197137144 0.0269677112984849 0.0286359422865484 0.0316584370972828 0.035095638857043 0.0350457528374984 -0.0706605962971476 0 0 0 0 0 0 0 0 0 0 0 0 0.0668995603988209 0.0733357078491618 0.0795904915460636 0.00020309373077668 0.00134745199524717 0.00267538536070222 0.0054394783678429 0.00821904784372099 0.011258762106914 0.0139235329026751 0.0165586651314459 0.0193164915141126 0.0219363277781385 0.025493791268573 0.028168080175184 0.0309898630269258 0.0355168069409647 0.04077905880417 0.0410514403069281 -0.0636669098797993 0 0 0 0 0 0 0 0 0 0 0 0 0 0.0835222609155272 0.0910357576541275 0.000171922106741645 0.00111290220432751 0.00212606888680464 0.00435234990933096 0.00658951262237293 0.00911352443175076 0.0119278694560959 0.0149884954400542 0.0180582406503115 0.021195074982068 0.0252850124796124 0.028740911543888 0.0327907945442396 0.0388677899761726 0.0460074069261932 0.0464423417319976 -0.0626598729651486 0 0 0 0 0 0 0 0 0 0 0 0 0 0 0.102226224673518 0.000146491904712068 0.00091345575315607 0.00163744067153899 0.00337659858764842 0.00511079962799892 0.00714684022889691 0.0100726520206728 0.0135351075218564 0.0168618217329377 0.0204097670380032 0.0248702925917422 0.0289456503550778 0.0342655551731134 0.0418522618578986 0.0508069010567228 0.051427071808211 -0.0614762892188706 0 0 0 0 0 0 0 0 0 0 0 0 0 0 0 0.000120363040384473 0.00070827890241357 0.00113413370437839 0.00248483933691942 0.00390740454344481 0.00575387473232677 0.00901207040969852 0.0131348012878036 0.01668710180346 0.0204607750339154 0.0256118479346856 0.0307860752010046 0.037086897835188 0.0459177023949758 0.0563671662158103 0.0575065988779568 -0.062257421074313 0 0 0 0 0 0 0 0 0 0 0 0 0 0 0 0 0.000526694686824645 0.000792770996981625 0.00123253120448725 0.00137066634440567 0.00121413966122474 0.00120501659563106 0.00110407950389493 0.0011515261676231 0.00117302203540838 0.0011932424611932 0.00106514198528625 0.00109052889786571 0.00106139540899154 0.000981360454438894 0.000923679036756201 0.00279818494768916 0 0 0 0 0 0 0 0 0 0 0 0 0 0 0 0 0 0.00500450963399678 0.00787489989319236 0.00885077913682658 0.00797261358177641 0.00800307989936141 0.00747027357741101 0.00775313516088696 0.00783387623269006 0.00792359905812429 0.0070544698120235 0.00721054020631045 0.00700421683827698 0.00645779956073279 0.00631119880726268 0.0204080039483445 0 0 0 0 0 0 0 0 0 0 0 0 0 0 0 0 0 0 0.0147238753762168 0.0168405687960194 0.0155802746843871 0.0159150675841858 0.0152697778091564 0.0157351524519728 0.0157089404552827 0.0157531460667575 0.0139695093543926 0.014242123074238 0.0137931760115541 0.0126617887148861 0.0130824133011893 0.046076320787939 0 0 0 0 0 0 0 0 0 0 0 0 0 0 0 0 0 0 0 0.0289049695071914 0.0285125040979278 0.0292755380556404 0.0281214785002604 0.0287462229782912 0.0283620036274516 0.0283961596087854 0.0254813652582282 0.0257971082282163 0.0247275168190626 0.0223643802660984 0.0228360958821681 0.074498590465854 0 0 0 0 0 0 0 0 0 0 0 0 0 0 0 0 0 0 0 0 0.0388296229300778 0.0400882611478114 0.038505485383392 0.0389802003780422 0.0378947364615346 0.03796815976423 0.0343563510458976 0.0344890472908376 0.0326877548145831 0.0290744058456778 0.0294832306798248 0.0796932244440614 0 0 0 0 0 0 0 0 0 0 0 0 0 0 0 0 0 0 0 0 0 0.0483492668259991 0.0463653095674551 0.0463948411938757 0.044267498881375 0.0444605864192741 0.0406942319097202 0.040163300656618 0.037501308685989 0.032702136735137 0.0329259159348608 0.0622108290696482 0 0 0 0 0 0 0 0 0 0 0 0 0 0 0 0 0 0 0 0 0 0 0.0534308694739144 0.0533563359951763 0.0506173264995388 0.0510391749112387 0.047134595955898 0.046500475301258 0.043796732800053 0.0388545646844108 0.0396785516897158 0.0554816697879191 0 0 0 0 0 0 0 0 0 0 0 0 0 0 0 0 0 0 0 0 0 0 0 0.0589689854350854 0.0555241961357689 0.0561551121358752 0.0523421747506887 0.0521329289722961 0.0497566399326813 0.045046874590721 0.0466418058649798 0.0400256003573796 0 0 0 0 0 0 0 0 0 0 0 0 0 0 0 0 0 0 0 0 0 0 0 0 0.0634449071567103 0.0633946490604247 0.0570320914597272 0.0565806660570838 0.0544142103805253 0.049937473194685 0.05140751357227 0.0312525360158658 0 0 0 0 0 0 0 0 0 0 0 0 0 0 0 0 0 0 0 0 0 0 0 0 0 0.0701622910037249 0.060530187996377 0.0599958419932627 0.0583141559228978 0.0544183755700211 0.0555464093186836 0.020038203388784 0 0 0 0 0 0 0 0 0 0 0 0 0 0 0 0 0 0 0 0 0 0 0 0 0 0 0.0733357056790481 0.0727813821575556 0.0701927337588275 0.0647323032585419 0.0662280969783294 0.0387615272333534 0 0 0 0 0 0 0 0 0 0 0 0 0 0 0 0 0 0 0 0 0 0 0 0 0 0 0 0.085159192971796 0.0815321240302921 0.0741870388238397 0.0759556129724602 0.0573225034374852 0 0 0 0 0 0 0 0 0 0 0 0 0 0 0 0 0 0 0 0 0 0 0 0 0 0 0 0 0.0930681396675818 0.0889788350076441 0.0902951581536599 0.024050350222951 0 0 0 0 0 0 0 0 0 0 0 0 0 0 0 0 0 0 0 0 0 0 0 0 0 0 0 0 0 0.0991502272814953 0.100713930913223 -0.0213804383486698 0 0 0 0 0 0 0 0 0 0 0 0 0 0 0 0 0 0 0 0 0 0 0 0 0 0 0 0 0 0 0.109305992277077 -0.0788974718400046 0 0 0 0 0 0 0 0 0 0 0 0 0 0 0 0 0 0 0 0 0 0 0 0 0 0 0 0 0 0 0 -0.081523074707724
