ENGINE_TYPE CALIBRATION_ENGINE
ENGINE_INDEX 1
METHOD MOMENT_CALCULATOR
PERSISTENCE 1
NUMBER_NEWS_WIRES 1
NEWS_WIRE_FILENAME NEWS_WIRE-1_0_0.txt
ORDER 2
NUMBER_SERIES 16
NUMBER_DATA 250
DATE_FIRST_MEASURE 0
MATRIX_SUM 16 2 0.0363747210142088 0.000977121147346555 0.228639657852144 0.0372921680891754 0.503738982389831 0.110005538764218 1.27413400025449 0.292151273858763 2.18076831410705 0.434630920812934 3.22139195722696 0.558224271148297 3.75451416271058 0.629850936335964 4.51425710679242 0.709442180549118 4.88165126202814 0.747533712273672 5.06749120294529 0.853155247317623 6.17643824117529 0.901314345816624 7.54765990448725 1.02015130194962 8.93597009855521 1.11153245229096 10.0662400888539 1.17574092314444 11.1020048113306 1.28664580663006 12.1684837477924 1.41938612197086
MATRIX_CROSS 15 15 0.00579192833141232 0.00920993474168037 0.0143987727034566 0.0160289040764113 0.0141796166246554 0.0141876959055243 0.0131950992813974 0.0137402251354578 0.0139529248193654 0.0141113000725558 0.0125427227672826 0.0128464949347636 0.0125086124885951 0.0115714084464945 0.0112472925899365 0 0.0600541156079616 0.0944987987183087 0.10620934964192 0.0956713629813169 0.0960369587923368 0.089643282928932 0.0930376219306432 0.0940065147922801 0.0950831886974925 0.0846536377442823 0.0865264824757257 0.0840506020593231 0.0774935947287935 0.0757343856871513 0 0 0.176686504514605 0.202086825552237 0.186963296212642 0.190980811010231 0.183237333709881 0.188821829423678 0.188507285463388 0.189037752801092 0.167634112252709 0.170905476890856 0.165518112138648 0.151941464578632 0.156988959614275 0 0 0 0.346859634086302 0.342150049175135 0.351306456667681 0.337457742003122 0.3449546757395 0.340344043529422 0.34075391530543 0.305776383098737 0.309565298738593 0.296730201828747 0.268372563193178 0.274033150586016 0 0 0 0 0.465955475160936 0.481059133773743 0.462065824600704 0.467762404536505 0.45473683753841 0.45561791717076 0.412276212550775 0.413868567490055 0.392253057774999 0.348892870148135 0.353798768157901 0 0 0 0 0 0.580191201911983 0.556383714809464 0.556738094326511 0.531209986576508 0.533527037031287 0.488330782916641 0.481959607879416 0.45001570423187 0.392425640821646 0.395110991218322 0 0 0 0 0 0 0.641170433686969 0.640276031942113 0.607407917994472 0.612470098934862 0.565615151470775 0.558005703615095 0.525560793600641 0.466254776212924 0.476142620276591 0 0 0 0 0 0 0 0.707627825221023 0.666290353629233 0.673861345630502 0.628106097008262 0.62559514766754 0.597079679192182 0.540562495088658 0.559701670379757 0 0 0 0 0 0 0 0 0.761338885880523 0.760735788725089 0.684385097516723 0.678967992684999 0.6529705245663 0.599249678336221 0.616890162867236 0 0 0 0 0 0 0 0 0 0.841947492044709 0.726362255956522 0.719950103919157 0.699769871074769 0.653020506840256 0.666556911824201 0 0 0 0 0 0 0 0 0 0 0.880028468148576 0.873376585890671 0.842312805105919 0.776787639102504 0.794737163739959 0 0 0 0 0 0 0 0 0 0 0 1.02191031566155 0.978385488363504 0.890244465886077 0.91146735566952 0 0 0 0 0 0 0 0 0 0 0 0 1.11681767601098 1.06774602009172 1.08354189784392 0 0 0 0 0 0 0 0 0 0 0 0 0 1.18980272737796 1.20856717095866 0 0 0 0 0 0 0 0 0 0 0 0 0 0 1.31167190732494
